sudo MAXSKIPPED=100000 stap -v scsi-iodispatching2iocompleted.stp -T 1000
host_no:dev_id      rw total (us)      count   avg (us)
                 5:1          2    7482523      63748        117
                 3:1          2    7476330      63692        117
                 4:1          2    7498822      63677        117
                 5:0          2    7482214      63633        117
                 3:0          2    7507734      63587        118
                 4:0          2    7426710      63582        116
                 1:0          2        573          1        573
host_no:dev_id:req_addr         rw total (us)      count   avg (us)
5:0:ffff8c35d3ccf780          2     122521       1052        116
5:0:ffff8c35d3cd1400          2     122007       1048        116
4:0:ffff8c35d3344600          2     123613       1048        117
3:1:ffff8c35d31b0280          2     121152       1048        115
5:0:ffff8c35d3cd0500          2     122090       1048        116
4:0:ffff8c35d3344380          2     123260       1048        117
3:1:ffff8c35d31b2580          2     123568       1048        117
5:0:ffff8c35d3cd1180          2     121443       1047        115
5:0:ffff8c35d3cd4380          2     125302       1047        119
5:1:ffff8c35d3d51b80          2     122606       1047        117
4:0:ffff8c35d334b400          2     122897       1047        117
5:1:ffff8c35d3d55500          2     121529       1047        116
4:1:ffff8c35d336c080          2     123995       1047        118
4:0:ffff8c35d3346400          2     123182       1046        117
5:0:ffff8c35d3cceb00          2     122027       1046        116
5:1:ffff8c35d3d50780          2     124370       1046        118
5:0:ffff8c35d3cd0280          2     123115       1046        117
5:0:ffff8c35d3cce880          2     120915       1045        115
5:0:ffff8c35d3cd0c80          2     121081       1045        115
5:1:ffff8c35d3d53980          2     123424       1045        118
5:1:ffff8c35d3d55f00          2     121891       1045        116
3:0:ffff8c35d3151680          2     120729       1045        115
5:1:ffff8c35d3d50500          2     122111       1044        116
5:0:ffff8c35d3cd2800          2     122293       1044        117
3:1:ffff8c35d31b5280          2     122146       1044        116
5:0:ffff8c35d3cd2a80          2     122519       1044        117
3:0:ffff8c35d314cd00          2     124098       1044        118
3:1:ffff8c35d31b0780          2     124789       1044        119
5:0:ffff8c35d3ccfa00          2     122735       1044        117
3:0:ffff8c35d314d980          2     125554       1044        120
4:0:ffff8c35d3349880          2     120576       1044        115
5:0:ffff8c35d3cd3700          2     121813       1044        116
5:1:ffff8c35d3d54380          2     120874       1043        115
5:1:ffff8c35d3d51e00          2     124015       1043        118
4:0:ffff8c35d3344100          2     124520       1043        119
3:0:ffff8c35d314b680          2     122270       1043        117
4:0:ffff8c35d3347300          2     122536       1043        117
5:0:ffff8c35d3cd1680          2     121678       1043        116
3:0:ffff8c35d314e880          2     123945       1043        118
5:1:ffff8c35d3d52d00          2     123695       1043        118
5:0:ffff8c35d3cd4d80          2     122744       1043        117
5:1:ffff8c35d3d57d00          2     122548       1043        117
5:1:ffff8c35d3d56900          2     121601       1043        116
3:0:ffff8c35d314be00          2     123335       1043        118
4:1:ffff8c35d336d480          2     123208       1043        118
4:0:ffff8c35d3347a80          2     122228       1043        117
5:1:ffff8c35d3d50f00          2     121392       1043        116
4:1:ffff8c35d336af00          2     121790       1043        116
3:1:ffff8c35d31b5780          2     121867       1043        116
3:0:ffff8c35d3150000          2     122747       1043        117

